17 6 0 0 0 0 0 0 0 0 0 0 6 10 10 10
0 0 0 0 0 0 0 0 0 1 2 2 13 6 10 10
0 0 0 0 0 0 0 0 1 3 3 3 5 10 10 10
0 0 0 0 0 0 0 1 3 4 3 12 6 10 10 10
0 0 0 0 0 1 2 3 12 6 15 3 13 6 10 10
0 0 0 0 1 3 3 3 3 2 3 3 5 10 10 10
0 0 0 1 3 3 3 3 3 3 4 5 10 10 10 10
0 1 2 3 3 4 4 4 4 5 10 10 10 10 10 10
2 3 3 3 5 10 10 10 10 10 10 10 10 10 10 10
3 4 4 5 10 10 10 10 10 10 10 10 10 10 10 10
11 10 10 10 10 10 10 10 10 6 10 10 10 10 10 10
3 2 13 6 10 10 10 10 10 10 10 10 10 10 10 10
15 3 12 6 10 10 10 10 10 10 10 10 10 10 10 10
3 3 3 13 6 10 10 10 10 10 10 10 10 10 10 10
3 4 4 5 10 10 10 10 10 10 10 10 10 10 10 10
5 10 10 10 10 10 10 10 10 10 6 10 10 10 10 10
