6 6 6 6 1 3 5 6 0 0 6 8 9 8 10 10
0 0 1 2 3 5 8 8 8 8 6 6 8 6 6 17
0 1 3 3 12 6 8 8 9 8 10 10 6 0 0 0
1 3 4 3 12 6 6 6 8 6 6 6 6 0 6 0
7 5 6 15 3 13 6 0 6 6 0 1 2 2 2 2
6 10 1 3 3 5 10 1 2 2 2 3 3 3 3 3
6 6 7 4 5 6 1 3 3 3 3 3 3 3 3 12
2 13 6 10 10 6 7 3 4 3 4 3 4 3 4 3
3 12 6 8 6 6 10 11 10 11 10 11 10 11 10 11
3 12 6 6 0 0 1 3 2 3 2 3 2 3 2 3
3 3 13 6 6 1 3 3 3 3 3 3 3 3 3 3
4 4 5 10 6 7 4 4 4 4 4 4 3 4 3 5
10 10 10 10 10 10 10 10 10 10 10 10 11 10 11 10
1 2 2 13 6 10 10 10 6 10 1 2 3 2 3 2
3 3 3 3 14 6 1 2 2 2 3 3 3 3 3 3
3 3 3 5 6 16 3 3 3 3 3 3 3 3 3 3
