7 3 5 6 10 6 6 0 1 3 14 6 7 4 4 5
10 11 10 10 6 10 10 1 3 5 6 6 6 10 10 10
1 3 2 2 2 13 6 7 5 8 10 10 1 2 13 6
7 4 3 3 3 3 14 6 8 9 8 6 7 3 3 14
6 6 15 3 3 5 6 8 9 8 9 8 6 7 5 6
10 6 15 3 12 6 8 9 8 9 8 9 8 10 6 1
1 2 3 3 12 6 8 8 8 8 9 8 9 8 6 15
15 3 3 3 3 13 6 8 6 6 8 9 8 6 1 3
3 4 4 4 4 5 8 8 6 8 9 8 6 1 3 5
12 6 8 10 6 10 6 6 10 6 8 8 6 7 5 6
12 6 6 10 10 6 10 10 10 10 6 6 10 10 10 10
12 6 10 6 10 6 6 10 6 10 10 10 10 6 10 10
3 13 6 10 10 10 10 10 10 10 10 10 10 10 10 10
3 5 10 10 10 10 10 10 10 10 10 10 10 10 6 10
11 10 10 10 10 10 10 10 10 10 6 10 10 10 1 2
3 13 6 6 17 6 6 1 2 13 6 6 6 1 3 3
