3 3 3 3 3 3 3 3 3 3 3 12 6 10 10 1 2 13 6 10
3 3 3 3 3 3 3 3 3 3 3 3 14 6 1 3 3 3 13 6
3 3 3 3 3 3 3 3 3 3 3 12 6 6 7 3 4 4 5 10
3 3 3 3 3 3 3 3 3 3 3 3 13 6 10 11 10 10 10 10
3 3 3 3 3 3 3 3 3 3 3 3 12 6 1 3 2 13 6 10
3 3 3 3 3 3 3 3 3 3 3 3 12 6 7 4 3 12 6 10
3 3 3 3 3 3 3 3 3 3 3 3 12 6 10 6 15 3 13 6
3 3 3 3 3 3 3 3 3 3 3 3 3 2 2 2 3 3 3 13
3 3 3 3 3 3 3 3 3 3 3 3 4 3 3 3 4 4 4 5
3 3 3 3 3 3 3 3 3 3 3 12 6 7 4 5 10 10 10 10
3 3 3 3 3 3 3 3 3 3 3 3 13 6 10 10 10 10 10 10
3 3 3 3 3 3 3 3 3 3 3 4 3 13 6 10 10 10 10 10
3 3 3 3 3 3 3 3 3 3 12 6 7 5 10 10 10 10 10 10
3 3 3 3 3 3 3 3 3 3 12 6 10 10 10 10 10 10 10 10
3 3 3 3 3 3 3 3 3 3 12 6 10 10 10 10 10 10 10 10
3 3 3 3 3 3 3 3 3 3 3 13 6 10 10 10 10 10 10 10
3 3 3 3 3 3 3 3 3 3 4 5 10 10 10 10 10 10 10 10
3 3 3 3 3 3 3 3 3 12 6 10 10 10 10 10 10 10 10 10
3 3 3 3 3 3 3 3 3 12 6 10 10 10 10 10 10 10 10 10
3 3 3 3 4 3 3 3 3 12 6 10 10 10 10 10 10 10 10 10
