3 13 6 0 0 0 0 0 0 0 0 0 0 0 0 0 1 3 2 13
3 3 13 6 0 0 0 0 0 0 0 0 0 0 1 2 3 4 3 3
3 3 3 13 6 0 0 0 0 0 0 0 0 1 3 3 12 6 7 4
3 3 3 3 13 6 0 0 0 0 0 1 2 3 3 3 3 14 6 6
3 3 3 3 3 13 6 0 0 1 2 3 3 4 4 3 5 6 6 0
3 3 3 3 3 3 13 6 1 3 3 3 5 10 10 11 10 10 10 1
3 3 3 3 3 3 3 2 3 3 3 12 6 10 1 3 13 6 1 3
3 3 3 3 3 3 3 3 3 3 3 12 6 6 7 4 5 6 15 3
3 3 3 3 3 3 3 3 3 3 3 3 13 6 10 6 10 1 3 5
3 3 3 3 3 3 3 3 3 3 3 3 5 10 10 10 1 3 5 8
3 3 3 3 3 3 3 3 3 3 3 5 8 10 6 1 3 12 6 6
3 3 3 3 3 3 3 3 3 3 5 6 8 10 1 3 3 12 6 1
3 3 3 3 3 3 3 3 3 12 6 10 6 1 3 3 3 3 2 3
3 3 3 3 3 3 3 3 3 3 2 13 6 15 3 3 3 3 3 5
3 3 3 3 3 3 3 3 3 3 3 3 2 3 3 3 3 3 12 6
3 3 3 3 3 3 3 3 3 3 3 3 3 3 3 3 3 3 12 6
3 3 3 3 3 3 3 3 3 3 3 3 3 3 3 3 3 3 3 14
3 3 3 3 3 3 3 3 3 3 3 3 3 3 3 3 3 3 12 6
3 3 3 3 3 3 3 3 3 3 3 3 3 3 3 3 3 3 3 14
3 3 3 3 3 3 3 3 3 3 3 3 3 3 3 3 3 3 5 6
