17 6 10 10 10 1 3 3 5 10 10 10 10 10 10 10 10 10 10 10
6 10 10 10 1 3 4 5 10 10 10 10 10 10 10 10 10 10 10 10
10 10 1 2 3 5 10 10 10 10 10 10 10 10 10 10 6 10 10 10
13 6 15 3 12 6 10 10 10 10 10 10 10 10 10 10 10 10 10 10
3 2 3 3 12 6 10 10 10 10 10 10 10 10 10 10 10 10 10 10
3 3 3 3 3 13 6 10 10 10 10 10 10 6 10 10 10 10 10 10
4 4 4 4 4 5 10 10 10 10 10 10 10 10 10 10 10 10 10 10
10 10 10 10 10 10 10 6 10 10 10 10 10 10 10 6 8 8 10 10
10 10 10 10 10 10 10 10 10 10 10 10 10 10 6 8 8 6 8 10
10 10 10 10 10 10 10 10 10 10 10 10 6 17 6 8 8 6 8 10
10 10 10 10 10 10 10 10 10 10 10 6 8 6 8 6 8 6 6 10
10 10 10 10 10 10 10 10 10 10 6 8 8 8 8 8 8 8 10 10
10 10 10 10 10 10 10 10 10 6 17 6 6 8 6 8 8 6 10 10
10 10 10 10 10 10 10 10 6 17 6 17 17 6 6 8 6 8 10 10
10 10 10 10 10 10 10 10 6 6 8 6 6 17 6 6 6 6 10 10
10 10 10 10 10 10 10 6 6 17 6 17 17 6 17 17 6 8 10 10
10 10 10 10 10 10 6 6 6 6 6 17 17 17 17 6 8 8 10 10
10 10 10 10 10 6 6 17 17 17 17 17 6 6 6 8 9 8 10 10
10 10 10 10 10 6 17 17 6 6 17 6 17 6 8 6 8 8 10 10
10 10 10 10 6 6 17 17 17 6 17 17 17 6 8 8 9 8 10 10
