0 0 0 1 3 3 12 6 10 6 15 3 13 6 16 3 3 3 3 12
6 0 1 3 3 3 3 13 6 16 3 3 3 13 6 15 3 3 3 3
10 1 3 3 3 3 3 3 14 6 15 3 3 3 2 3 3 3 3 3
1 3 4 3 3 4 4 5 6 1 3 3 3 3 3 3 3 3 3 3
3 12 6 7 5 8 6 6 1 3 3 3 3 3 3 3 3 3 3 3
15 3 14 6 10 6 10 1 3 3 3 3 3 3 3 3 3 3 3 3
3 5 6 17 17 6 1 3 3 3 3 3 3 3 3 3 3 3 3 3
5 10 10 6 0 1 3 3 3 3 3 3 3 3 3 3 3 3 3 3
10 10 10 10 1 3 3 3 3 3 3 3 3 3 3 3 3 3 3 3
10 10 10 1 3 3 3 3 3 3 3 3 3 4 3 3 3 3 3 3
10 10 1 3 3 3 3 3 3 4 3 4 5 6 15 3 3 3 3 3
10 1 3 4 3 3 3 3 5 10 11 10 10 1 3 3 3 3 3 3
2 3 5 6 15 3 3 5 10 1 3 13 6 7 3 3 3 3 3 3
3 5 6 1 3 3 5 10 1 3 3 3 14 6 15 3 3 3 3 3
11 10 1 3 3 5 6 1 3 3 3 12 6 1 3 3 3 3 3 12
3 2 3 3 5 10 1 3 3 3 3 3 2 3 3 3 3 3 3 12
4 3 3 5 10 1 3 3 3 3 3 3 3 3 3 3 3 4 4 3
6 7 5 10 1 3 3 3 3 3 3 3 3 3 3 4 5 8 6 15
10 10 6 1 3 3 3 3 3 3 3 3 3 3 5 8 6 6 6 15
10 10 1 3 3 3 3 3 3 3 3 3 3 5 6 8 8 8 6 15
