3 3 4 3 12 6 15 3 3 3 3 3 3 3 3 12 6 7 3 3
4 5 6 15 3 2 3 3 3 3 3 3 3 3 3 3 13 6 7 3
10 10 6 15 3 3 3 3 3 3 3 3 3 3 3 3 3 14 6 15
8 10 1 3 4 3 3 3 3 3 3 3 3 3 3 3 12 6 16 3
6 6 7 5 6 15 3 3 3 3 3 3 3 3 3 3 3 13 6 15
13 6 6 10 1 3 3 3 3 3 3 3 3 3 3 3 3 3 2 3
5 10 1 2 3 3 3 3 3 3 3 3 3 3 3 3 3 3 3 3
10 1 3 3 3 3 3 3 3 3 3 3 3 3 3 3 3 3 3 3
6 7 3 3 3 3 3 3 3 3 3 3 3 3 3 3 3 3 3 3
0 6 15 3 3 3 3 3 3 3 3 3 3 3 3 3 3 3 3 3
0 1 3 3 3 3 3 3 3 3 3 3 3 3 3 3 3 3 3 3
2 3 3 3 3 3 3 3 3 3 3 3 3 3 3 3 3 3 3 3
3 3 3 3 3 3 3 3 3 3 3 3 3 3 3 3 3 3 3 3
3 3 3 3 3 3 3 3 3 3 3 3 3 3 3 3 3 3 3 3
3 3 3 3 3 3 3 3 3 3 3 3 3 3 3 3 3 3 3 3
3 3 3 3 3 3 3 3 3 3 3 3 3 3 3 3 3 3 3 3
3 3 3 3 3 3 3 3 3 3 3 3 3 3 3 3 3 3 3 3
3 3 3 3 3 3 3 3 3 3 3 3 3 3 3 3 3 3 3 3
3 3 3 3 3 3 3 3 3 3 3 3 3 3 3 3 3 3 3 3
3 3 3 3 3 3 3 3 3 3 3 3 3 3 3 3 3 3 3 3
