1 3 12 6 8 8 6 0 6 6 16 3 3 12 6 8
3 3 3 13 6 6 8 6 10 10 6 7 4 3 13 6
4 4 3 12 6 8 9 8 10 6 10 10 6 7 5 8
6 6 15 3 14 6 8 6 17 17 17 17 17 6 8 6
6 1 3 5 6 8 6 17 17 17 6 6 17 6 8 10
2 3 5 10 10 6 17 6 17 17 17 17 6 17 6 10
3 12 6 8 10 6 6 0 0 0 6 0 6 6 0 1
15 3 14 6 10 6 6 0 0 6 0 6 17 6 1 3
3 12 6 6 8 10 6 6 0 6 6 17 17 6 15 3
15 3 14 6 6 17 17 6 1 2 13 6 0 1 3 12
3 12 6 10 6 0 0 1 3 3 3 2 2 3 3 3
15 3 13 6 0 1 2 3 3 3 3 3 3 4 4 5
15 3 5 10 1 3 3 3 3 3 4 4 5 10 10 10
3 5 10 1 3 3 4 3 4 5 10 10 10 10 10 10
11 10 1 3 4 5 10 11 10 10 10 10 10 6 8 10
3 2 3 12 6 10 1 3 13 6 1 2 2 13 6 17
