0 0 6 6 16 3 3 3 4 3 12 6 17 6 6 10
6 0 0 0 6 7 4 5 6 15 3 13 6 10 1 2
6 0 0 0 6 10 6 6 16 3 3 3 13 6 7 3
6 6 0 0 6 8 6 17 6 7 4 3 12 6 6 7
2 13 6 0 0 6 6 0 6 10 6 15 3 2 13 6
3 12 6 0 0 6 1 2 13 6 1 3 3 3 3 2
15 3 14 6 0 1 3 3 12 6 7 4 4 3 4 3
3 12 6 0 1 3 3 4 3 13 6 10 10 11 10 11
3 12 6 1 3 3 12 6 7 5 10 1 2 3 2 3
3 3 2 3 3 3 3 13 6 10 6 15 3 3 3 3
3 3 3 3 3 3 3 3 2 2 2 3 3 3 3 3
3 3 3 3 3 3 3 3 3 3 3 3 3 3 3 3
3 3 3 3 3 3 3 3 3 3 3 3 3 3 3 3
3 3 3 3 3 3 3 3 3 3 3 3 3 3 3 3
3 3 3 3 3 3 3 3 3 3 3 3 3 3 3 4
3 3 3 3 3 3 3 3 3 3 3 4 3 3 12 6
