6 6 15 3 14 6 1 3 3 13 6 15 3 2 3 4
1 2 3 5 6 1 3 3 3 5 6 15 3 3 5 10
7 3 5 10 6 15 3 3 12 6 16 3 3 5 8 10
10 11 10 1 2 3 3 4 3 13 6 7 5 8 6 17
2 3 2 3 3 3 12 6 7 5 10 10 6 6 0 0
3 3 3 4 4 3 3 14 6 6 17 17 17 6 0 0
7 4 5 6 6 7 5 6 10 6 0 0 0 0 0 0
10 10 10 10 10 10 10 10 10 10 6 0 0 0 0 0
10 10 10 10 10 10 10 10 10 10 10 6 0 0 0 1
10 10 10 10 10 10 10 10 10 10 10 10 1 2 2 3
10 10 10 10 10 10 10 10 10 10 10 1 3 3 3 5
10 10 10 10 10 6 8 10 10 10 6 7 3 3 12 6
8 10 10 10 6 8 9 8 6 10 6 6 7 4 3 13
9 8 8 6 8 9 8 9 8 10 6 0 6 6 15 3
8 9 8 10 6 8 9 8 9 8 6 8 10 6 15 3
9 8 9 8 8 9 8 9 8 9 8 9 8 6 15 3
