8 6 17 17 6 6 17 17 6 6 8 8 6 6 8 6
6 6 6 17 6 8 6 6 8 8 6 8 6 6 8 6
8 6 17 6 8 8 8 6 8 8 8 6 6 8 6 6
6 17 6 8 6 6 6 8 8 6 8 6 6 6 8 6
17 6 8 8 6 17 17 6 8 8 8 8 8 8 8 8
6 6 8 8 8 6 6 17 6 8 6 8 6 8 8 8
6 8 6 8 6 6 6 6 17 6 6 8 8 6 6 6
17 6 6 6 17 6 8 6 6 6 6 8 8 8 8 6
17 17 6 17 6 6 8 6 8 8 8 8 6 6 6 8
17 17 6 17 17 17 6 8 6 6 6 8 6 6 6 8
17 17 17 17 17 17 6 6 6 8 8 6 6 6 8 6
6 17 17 6 17 17 6 8 6 8 6 8 10 10 6 17
6 17 6 6 6 6 6 8 8 8 8 6 6 6 17 17
6 17 6 6 8 8 6 8 6 6 6 17 17 6 17 6
17 6 17 17 6 8 8 8 6 6 6 6 17 17 6 8
17 17 6 17 6 8 6 8 6 8 8 6 17 17 6 6
