3 3 3 3 3 3 3 3 3 12 6 8 6 6 17 17 6 6 7 5
3 3 3 3 3 3 3 3 3 3 14 6 10 6 0 6 10 6 10 10
3 3 3 3 3 3 3 3 3 12 6 6 17 17 6 10 10 6 10 1
3 3 3 3 3 3 3 3 3 3 2 13 6 17 17 6 10 1 2 3
3 3 3 3 3 3 3 3 3 3 3 12 6 6 0 1 2 3 3 4
3 3 3 3 3 3 3 3 3 3 3 3 14 6 1 3 3 4 5 10
3 3 3 3 3 3 3 3 3 3 3 12 6 6 7 4 5 10 6 1
3 3 3 3 3 3 3 3 3 3 3 3 13 6 6 10 6 1 2 3
3 3 3 3 3 3 3 3 3 3 3 3 12 6 8 10 6 15 3 5
3 3 3 3 3 3 3 3 3 3 3 3 3 14 6 1 2 3 5 6
3 3 3 3 3 3 3 3 3 3 3 3 12 6 1 3 3 5 8 8
3 3 3 3 3 3 3 3 3 3 3 3 3 2 3 3 12 6 6 8
3 3 3 3 3 3 3 3 3 3 3 3 3 3 3 3 3 2 13 6
3 3 3 3 3 3 3 3 3 3 3 3 3 3 4 4 3 3 3 13
3 3 3 3 3 3 3 3 3 3 3 3 3 12 6 6 7 3 3 3
3 3 3 3 3 3 3 3 3 3 3 3 3 3 14 6 6 15 3 5
3 3 3 3 3 3 3 3 3 3 3 3 3 5 6 6 16 3 12 6
3 3 3 3 3 3 3 3 3 3 3 3 5 8 6 8 6 15 3 13
3 3 3 3 3 3 3 3 3 3 3 5 8 8 10 6 6 15 3 12
3 3 3 3 4 3 3 3 3 3 5 8 9 8 10 6 6 15 3 12
