3 3 3 13 6 10 1 3 14 6 0 1 2 2 2 3 13 6 10 10
3 3 3 3 2 2 3 12 6 1 2 3 3 3 3 4 5 6 10 10
3 3 3 3 3 3 3 12 6 15 3 3 4 4 5 10 6 10 10 10
3 3 3 3 3 3 3 3 2 3 3 5 6 6 10 10 10 10 10 10
3 3 3 3 3 3 3 3 3 4 5 10 10 10 10 10 10 10 10 10
3 3 3 3 3 4 3 3 5 10 10 10 10 10 10 10 10 10 10 10
3 3 3 3 5 6 7 5 10 10 6 10 10 10 10 10 10 10 10 10
3 3 3 12 6 6 10 10 10 10 10 10 10 10 10 10 10 10 10 10
3 3 3 3 14 6 6 1 2 2 13 6 10 10 10 10 10 10 10 10
3 3 3 12 6 10 6 15 3 3 3 13 6 10 10 10 10 10 10 10
3 3 3 3 14 6 1 3 3 4 4 5 10 10 10 10 10 10 10 10
3 3 3 12 6 16 3 3 5 10 10 10 10 10 10 10 10 10 10 10
3 3 3 3 14 6 7 5 10 10 10 10 10 10 10 10 10 10 10 10
3 3 3 5 6 6 10 10 10 10 10 10 10 10 10 10 10 10 10 10
3 3 5 8 10 6 6 10 10 10 10 10 10 10 10 10 10 10 10 10
3 5 6 6 6 10 10 10 10 10 10 10 10 10 10 10 10 10 10 10
5 10 10 10 10 10 10 10 10 10 10 10 10 10 10 10 10 10 10 10
10 10 10 10 10 10 10 10 10 10 10 10 10 10 10 10 10 10 10 10
10 10 10 10 10 10 10 10 10 10 10 10 10 10 10 10 10 10 10 10
10 10 10 10 10 10 10 10 10 10 10 10 10 10 10 10 10 10 10 10
