3 3 3 3 3 3 3 3 3 3 3 3 3 3 13 6 8 6 6 1
3 3 3 3 3 3 3 3 3 3 3 3 3 3 3 13 6 17 6 15
3 3 3 3 3 3 3 3 3 3 3 3 3 3 3 5 6 6 1 3
3 3 3 3 3 3 3 3 3 3 3 3 3 3 5 8 10 1 3 12
3 3 3 3 3 3 3 3 3 3 3 3 3 12 6 6 1 3 3 3
3 3 3 3 3 3 3 3 3 3 3 3 3 12 6 1 3 3 3 12
3 3 3 3 3 3 3 3 3 3 3 3 3 3 2 3 3 3 3 12
3 3 3 3 3 3 3 3 3 3 3 3 3 4 3 3 4 3 3 12
3 3 3 3 3 3 3 3 3 3 3 3 12 6 7 5 6 7 4 3
3 3 3 3 3 3 3 3 3 3 3 3 3 13 6 6 6 6 6 15
3 3 3 3 3 3 3 3 3 3 3 3 3 5 8 6 17 6 1 3
3 3 3 3 3 3 3 3 3 3 3 3 5 6 6 6 6 1 3 5
3 3 3 3 3 3 3 3 3 3 3 12 6 8 6 6 1 3 12 6
3 3 3 3 3 3 3 3 3 3 3 12 6 6 17 6 7 3 12 6
3 3 3 3 3 3 3 3 3 3 3 3 13 6 17 6 6 15 3 14
3 3 3 3 3 3 3 3 3 3 3 4 3 13 6 6 1 3 12 6
3 3 3 3 3 3 3 3 3 3 12 6 7 3 2 2 3 3 3 14
3 3 3 3 3 3 3 3 3 3 12 6 6 15 3 3 4 4 5 6
3 3 3 3 3 3 3 3 3 3 12 6 16 3 3 5 8 8 6 8
3 3 3 3 4 3 3 3 3 3 3 13 6 7 5 8 8 6 8 8
