0 0 6 1 3 3 3 3 3 3 3 3 3 3 3 3
0 0 6 15 3 3 3 3 3 3 3 3 3 3 3 3
0 0 6 15 3 3 3 3 3 3 3 3 3 3 3 3
0 0 1 3 3 3 3 3 3 3 3 3 3 4 4 3
0 1 3 3 3 3 3 3 3 3 4 3 5 10 10 11
1 3 3 3 3 4 3 4 4 5 10 11 10 10 1 3
7 3 4 4 5 10 11 10 10 10 1 3 13 6 15 3
10 11 10 10 10 1 3 13 6 1 3 3 3 2 3 3
1 3 13 6 1 3 3 3 2 3 3 3 3 3 3 3
3 3 3 2 3 3 3 3 3 3 3 3 3 3 3 3
3 3 3 3 3 3 3 3 3 3 3 3 3 3 3 3
3 3 3 3 3 3 3 3 3 3 3 3 3 3 3 3
3 3 3 3 3 3 3 3 3 3 3 3 3 3 3 3
3 3 3 3 3 3 3 3 3 3 3 3 3 3 3 5
3 3 3 3 3 3 3 3 3 3 3 3 3 3 12 6
7 3 3 3 3 3 3 3 3 3 3 3 3 4 3 13
