3 3 3 3 3 3 3 3 12 6 6 6 10 10 6 10 6 10 10 10
4 4 3 3 3 3 3 3 3 2 13 6 8 8 6 8 10 6 8 8
6 6 15 3 3 3 3 3 3 3 12 6 6 6 8 9 8 8 8 9
6 16 3 3 3 3 3 3 3 3 12 6 10 10 6 8 9 8 9 8
17 6 15 3 3 3 3 3 3 3 3 2 13 6 8 9 8 9 8 9
6 1 3 3 3 3 3 3 3 3 3 3 12 6 6 8 9 8 9 8
1 3 3 3 3 3 3 3 3 3 3 3 12 6 8 9 8 9 8 9
3 3 3 3 3 3 3 3 3 3 3 3 12 6 8 8 9 8 9 8
3 3 3 3 3 3 3 3 3 3 3 3 3 13 6 8 8 9 8 9
15 3 3 3 3 3 3 3 3 3 3 3 3 3 14 6 8 8 9 8
15 3 3 3 3 3 3 3 3 3 3 3 3 12 6 8 9 8 8 9
3 3 3 3 3 3 3 3 3 3 3 3 3 12 6 6 8 9 8 8
4 3 3 3 3 3 3 3 3 3 3 3 3 3 13 6 8 8 9 8
6 15 3 3 3 3 3 3 3 3 3 3 3 3 12 6 8 9 8 9
1 3 3 3 3 3 3 3 3 3 3 3 3 3 3 13 6 8 9 8
3 3 3 3 3 3 3 3 3 3 3 3 3 3 3 5 6 8 8 9
4 3 3 3 3 3 3 3 3 3 3 3 3 3 5 10 6 8 9 8
6 7 3 3 3 3 3 3 3 3 3 3 3 5 8 6 8 9 8 9
6 6 7 3 3 3 3 3 3 3 3 3 12 6 6 8 9 8 9 8
17 17 6 7 3 3 3 3 3 3 3 3 3 13 6 6 8 9 8 9
