8 9 8 9 8 9 8 9 8 9 8 9 8 10 10 10
9 8 9 8 9 8 9 8 9 8 9 8 9 8 10 10
8 9 8 9 8 9 8 9 8 9 8 9 8 8 10 10
9 8 9 8 9 8 9 8 9 8 9 8 9 8 10 10
8 9 8 9 8 9 8 9 8 9 8 9 8 9 8 10
9 8 9 8 9 8 9 8 9 8 9 8 9 8 6 10
8 9 8 9 8 9 8 9 8 9 8 9 8 9 8 10
9 8 9 8 9 8 9 8 9 8 9 8 9 8 9 8
8 9 8 9 8 9 8 9 8 9 8 9 8 9 8 6
9 8 9 8 9 8 9 8 9 8 9 8 9 8 9 8
8 9 8 9 8 9 8 9 8 9 8 8 8 9 8 9
9 8 9 8 9 8 9 8 9 8 9 8 9 8 9 8
8 9 8 9 8 9 8 9 8 9 8 9 8 9 8 9
9 8 9 8 9 8 9 8 9 8 9 8 9 8 9 8
8 9 8 9 8 9 8 9 8 9 8 9 8 9 8 9
9 8 9 8 9 8 9 8 9 8 9 8 6 8 9 8
