3 3 3 5 6 1 3 3 14 6 1 3 4 4 4 5 8 6 8 8
3 3 12 6 6 7 3 12 6 1 3 12 6 6 8 6 6 8 6 6
3 3 3 14 6 6 15 3 2 3 3 12 6 6 6 6 6 8 6 8
3 3 12 6 10 1 3 3 3 4 4 3 13 6 8 6 8 6 6 8
3 3 3 14 6 7 3 3 5 8 6 7 5 8 8 6 8 8 8 8
3 3 5 6 6 6 7 5 8 8 8 6 8 8 8 8 8 8 6 6
3 12 6 6 10 6 6 6 6 6 6 8 6 8 6 8 6 6 6 8
3 3 13 6 17 6 1 2 2 2 13 6 6 6 8 6 8 6 6 6
3 3 3 13 6 1 3 3 3 3 3 14 6 17 6 8 8 8 8 8
3 3 3 5 6 7 3 3 3 3 5 6 8 6 8 6 6 8 6 8
3 3 12 6 6 6 15 3 3 5 6 6 6 8 8 10 6 6 6 8
7 3 3 14 6 1 3 3 12 6 6 8 6 8 8 8 8 6 6 8
6 7 5 6 6 7 4 3 3 13 6 8 6 8 8 6 6 17 17 6
6 10 6 17 17 6 6 15 3 5 8 8 8 6 6 8 8 6 6 8
6 17 6 6 6 6 1 3 12 6 6 8 8 8 6 8 8 6 17 6
6 6 6 6 6 6 15 3 3 14 6 6 8 6 6 8 6 17 17 6
6 6 6 1 2 2 3 3 5 6 6 8 6 6 8 6 17 17 6 17
17 6 1 3 3 3 4 5 8 8 8 8 8 8 6 6 6 6 6 17
6 6 7 4 4 5 8 8 6 6 8 6 6 6 8 6 17 17 17 6
17 17 6 6 6 8 8 8 6 6 8 6 17 6 6 17 17 6 17 17
