0 0 0 0 0 0 0 0 0 0 0 0 0 6 1 3 3 3 3 3
0 0 0 0 0 0 0 0 0 0 0 0 6 6 15 3 3 3 3 4
0 0 0 0 0 0 0 0 0 0 0 0 0 1 3 3 3 3 5 8
0 0 0 0 0 0 0 0 0 0 0 0 6 15 3 3 3 12 6 6
0 0 0 0 0 0 0 0 0 0 0 6 1 3 3 3 3 3 13 6
0 0 0 0 0 0 0 0 0 0 0 6 15 3 3 3 3 3 3 2
0 0 0 0 0 0 0 0 0 6 6 1 3 3 3 3 3 3 3 3
0 0 0 0 0 0 0 0 0 0 1 3 3 3 3 3 3 3 3 3
0 0 0 0 0 0 0 0 0 1 3 3 3 3 3 3 3 3 3 3
6 0 0 0 0 0 0 1 2 3 3 3 3 3 3 3 3 3 3 3
10 6 0 0 0 0 6 15 3 3 3 3 3 3 3 3 3 3 3 3
10 10 6 0 6 1 2 3 3 3 3 3 3 3 3 3 3 3 3 3
10 10 10 6 16 3 3 3 3 3 3 3 3 3 3 3 3 3 3 3
10 10 10 10 6 7 4 4 3 3 3 3 3 3 3 3 3 3 3 3
10 10 10 10 10 10 10 6 7 3 3 3 3 4 3 3 3 3 3 3
10 10 10 10 10 10 10 10 6 7 4 3 5 6 15 3 3 3 3 3
10 10 10 10 10 10 6 17 17 6 10 11 10 1 3 3 3 3 3 3
10 10 10 10 10 10 10 6 17 6 1 3 2 3 3 3 3 3 3 3
10 10 10 10 10 10 10 6 0 1 3 3 3 3 3 3 3 3 3 3
10 10 10 10 10 10 10 10 1 3 3 3 3 3 3 3 3 3 3 5
