0 0 0 0 0 0 0 0 0 0 6 10 6 0 1 3
0 0 0 0 0 0 0 0 0 6 17 6 0 1 3 3
0 0 0 0 0 0 0 0 0 0 0 0 1 3 3 3
0 0 0 0 0 0 0 0 0 6 0 1 3 3 3 3
0 0 0 0 0 0 0 0 6 10 1 3 3 3 3 3
0 0 0 0 0 0 0 0 0 1 3 3 3 3 3 3
0 0 0 0 0 0 0 0 6 15 3 3 3 3 3 3
0 0 0 0 0 0 0 6 6 15 3 3 3 3 3 3
0 0 0 0 0 0 0 6 6 15 3 3 3 3 3 3
0 0 0 0 0 0 6 10 1 3 3 3 3 3 3 3
6 0 0 0 0 0 6 1 3 3 3 3 3 3 3 3
0 0 0 0 0 0 6 15 3 3 3 3 3 3 3 3
0 0 0 0 0 0 1 3 3 3 3 3 3 3 3 3
0 0 1 2 2 2 3 3 3 3 3 3 3 3 3 3
0 1 3 3 3 3 3 3 3 3 3 3 3 4 3 3
1 3 3 4 3 3 3 3 3 3 3 3 12 6 7 3
