8 6 8 9 8 9 8 9 8 9 8 9 8 9 8 9
9 8 9 8 9 8 8 8 9 8 9 8 9 8 9 8
8 9 8 9 8 9 8 9 8 9 8 9 8 9 8 6
9 8 9 8 9 8 9 8 9 8 9 8 9 8 9 8
8 9 8 9 8 9 8 9 8 9 8 9 8 9 8 9
9 8 9 8 9 8 9 8 9 8 9 8 9 8 6 8
8 9 8 9 8 9 8 9 8 9 8 9 8 9 8 9
9 8 9 8 9 8 9 8 9 8 9 8 9 8 9 8
8 9 8 9 8 9 8 9 8 6 8 9 8 9 8 8
9 8 9 8 9 8 6 8 9 8 9 8 9 8 8 8
8 9 8 9 8 9 8 9 8 9 8 9 8 6 6 8
9 8 9 8 9 8 8 8 9 8 9 8 6 6 8 6
8 9 8 9 8 9 8 9 8 9 8 6 6 8 8 8
9 8 9 8 9 8 8 8 9 8 8 6 17 6 6 6
8 9 8 9 8 9 8 9 8 9 8 6 17 6 8 8
9 8 9 8 9 8 9 8 9 8 6 17 17 6 8 8
