4 3 3 13 6 17 17 6 0 0 0 1 3 14 6 16
6 15 3 3 13 6 6 10 1 2 2 3 5 6 10 6
1 3 3 3 12 6 0 1 3 3 3 12 6 10 10 6
3 3 3 3 3 13 6 7 3 3 3 3 13 6 10 6
7 4 4 4 4 3 13 6 7 4 3 3 5 6 6 10
6 8 10 10 6 7 5 8 10 6 7 5 6 1 2 13
0 6 17 6 6 10 6 6 10 10 10 6 1 3 3 5
2 13 6 0 6 8 10 10 10 6 6 1 3 4 5 6
3 12 6 0 6 6 10 6 8 10 6 7 5 6 10 6
7 3 13 6 17 17 17 17 6 10 6 10 6 17 6 17
6 7 5 10 6 17 6 6 17 17 17 17 17 17 17 17
6 6 6 6 17 17 17 17 17 6 0 6 0 0 0 0
0 0 0 0 0 0 0 0 0 1 2 13 6 0 0 0
0 0 0 0 0 0 0 1 2 3 3 12 6 0 0 0
0 0 0 0 1 2 2 3 3 3 3 12 6 0 0 0
0 1 2 2 3 3 3 3 3 3 3 3 13 6 1 2
