2 13 6 10 10 6 1 3 3 2 13 6 8 9 8 9
3 5 10 10 6 16 3 3 3 3 3 13 6 8 9 8
5 10 6 6 0 6 15 3 3 3 3 3 13 6 8 9
10 6 6 0 0 1 3 3 3 3 4 4 5 8 9 8
6 10 10 1 2 3 4 4 4 5 10 10 10 6 8 9
10 6 1 3 3 12 6 10 10 10 10 10 10 10 6 8
10 6 15 3 3 12 6 6 8 8 8 8 8 6 8 9
10 6 15 3 3 12 6 6 8 9 8 8 8 8 8 8
6 1 3 4 3 3 2 13 6 8 6 6 6 6 6 6
1 3 5 6 15 3 3 5 10 6 10 10 10 10 10 10
3 12 6 1 3 3 5 10 10 10 10 10 10 10 10 10
15 3 2 3 4 5 10 10 10 10 10 10 10 10 10 10
15 3 3 5 10 10 10 10 10 10 10 10 10 10 10 10
3 4 5 10 10 10 10 10 6 10 10 1 2 13 6 8
11 10 10 6 1 2 2 2 13 6 1 3 3 3 13 6
3 13 6 16 3 3 3 3 3 2 3 3 3 3 3 2
